72 8 87 13
93 59 50 80
51 40 37 24
22 37 95 49
17 0 34 15
20 16 24 45
56 81 66 35
7 22 66 65
13 42 52 88
42 4 35 95
76 9 50 47
63 44 81 9
32 67 83 37
26 15 27 55
99 83 68 66
52 95 74 21
41 1 33 53
68 95 51 59
15 25 38 46
61 88 81 17
3 78 97 30
50 77 20 78
27 47 33 62
98 17 45 33
35 89 25 10
88 78 24 62
58 2 73 88
96 63 80 89
86 98 64 10
14 0 63 72
94 18 25 2
60 90 21 57
66 85 71 67
55 46 42 40
31 45 36 8
83 42 26 6
71 42 50 2
48 8 2 17
12 94 39 81
70 77 15 12
62 18 40 65
10 12 80 19
75 17 59 9
30 51 93 67
77 25 63 66
90 79 68 80
84 72 28 1
91 19 66 38
37 2 92 46
73 5 81 40
25 14 24 41
97 56 42 43
65 88 12 57
21 65 82 81
0 23 82 71
18 86 82 52
92 89 49 85
89 55 58 48
53 17 31 14
95 7 93 71
57 76 37 84
34 60 11 7
36 91 75 47
4 76 83 70
59 70 28 73
79 66 74 18
69 10 38 78
64 63 50 24
11 89 57 42
39 70 74 64
38 4 41 34
40 2 10 56
49 51 54 69
29 48 45 15
1 39 40 6
74 7 43 3
2 82 22 9
5 44 51 2
54 55 78 94
24 72 17 22
19 14 9 56
6 30 96 38
47 54 60 39
85 86 35 61
44 42 37 27
43 49 88 15
78 90 56 51
80 66 2 0
45 88 76 92
67 3 73 44
46 84 56 3
28 43 23 95
33 85 3 58
8 24 0 99
81 16 92 53
87 53 54 75
82 48 85 46
16 65 13 55
9 39 35 88
23 41 70 32
31 23 15 20
7 36 68 49
3 5 1 16
28 65 86 6
71 49 11 97
75 51 4 8
98 99 59 76
63 85 70 26
88 55 7 82
45 40 64 80
81 67 58 62
76 29 44 80
70 8 61 11
85 21 98 8
32 12 24 1
99 78 46 49
77 36 21 69
62 97 72 89
5 79 83 87
64 0 90 67
17 67 50 19
35 24 53 90
8 6 52 89
56 23 98 53
4 79 72 69
22 0 35 94
43 79 35 59
93 33 99 86
83 95 73 92
49 98 3 38
50 83 34 16
36 97 52 24
60 19 83 45
51 39 13 10
46 67 60 98
34 53 26 39
11 14 6 15
12 83 30 31
27 40 31 89
90 73 10 42
9 86 78 45
74 20 47 30
87 44 4 47
53 47 45 12
80 9 97 87
30 75 63 29
33 21 50 88
1 23 48 90
25 61 93 49
18 58 17 70
96 86 27 77
42 41 94 61
24 84 29 74
6 84 5 62
78 96 83 41
19 89 13 22
79 14 58 71
92 75 43 40
38 64 68 1
67 45 94 96
41 91 65 5
95 60 94 76
97 26 17 46
2 85 36 60
40 77 14 67
54 45 35 41
15 36 1 65
13 2 1 67
52 0 85 79
47 14 97 81
94 63 21 58
0 78 16 43
86 47 67 92
29 98 12 89
14 78 91 29
91 49 9 30
84 94 9 66
69 41 64 95
57 66 46 23
44 1 34 96
48 10 28 79
23 38 21 18
61 69 18 5
16 44 33 8
65 96 2 72
39 57 32 58
72 49 31 34
58 93 10 97
68 81 91 10
73 94 30 65
55 23 50 62
37 82 59 78
21 54 3 59
26 18 88 31
59 62 42 77
20 4 68 57
82 49 76 42
10 31 50 41
66 62 26 60
89 87 81 2
14 7 5 37
27 63 13 92
24 23 2 33
90 92 3 20
59 74 25 86
45 68 39 3
3 77 51 47
1 76 27 52
77 1 22 92
74 34 28 71
5 32 90 76
95 54 26 29
22 67 57 74
10 66 44 36
58 13 80 4
51 33 97 84
67 27 23 65
6 35 78 70
18 10 53 15
63 1 4 71
64 99 88 75
39 31 85 28
7 35 16 12
61 43 84 67
55 12 22 11
44 69 58 15
60 58 59 0
65 77 48 4
29 41 6 59
99 25 52 39
85 81 24 6
54 91 44 74
37 45 1 61
12 74 6 99
16 69 86 84
9 24 98 70
47 58 26 90
4 36 6 43
11 41 72 66
23 59 81 96
50 36 27 81
86 42 87 3
69 28 42 67
79 20 97 40
92 62 82 17
30 98 90 54
53 42 58 38
46 24 68 31
75 46 69 0
91 21 24 13
87 38 65 63
13 50 86 14
94 47 69 23
93 82 74 38
26 23 77 16
41 22 98 51
98 63 7 2
15 91 94 57
42 92 51 0
66 78 52 64
19 53 51 86
96 49 35 13
84 41 63 47
35 64 32 46
49 16 14 70
0 44 26 48
56 15 28 50
82 4 61 96
20 34 69 76
78 26 5 57
32 96 92 7
8 23 88 74
28 75 89 21
76 28 36 33
80 62 14 94
25 34 68 13
34 65 84 35
21 16 62 31
72 18 99 45
97 53 55 69
33 72 19 59
68 14 12 28
38 44 39 59
89 90 15 33
57 29 85 40
71 73 46 12
81 55 99 90
48 11 43 25
70 48 20 62
83 20 21 86
43 14 8 76
73 60 74 15
88 85 80 53
52 83 11 46
36 3 25 23
40 32 4 16
62 29 39 46
2 57 16 19
17 93 76 11
31 70 87 19
80 60 1 56
14 61 20 95
38 22 20 88
76 51 74 55
84 58 23 87
91 40 11 96
2 93 45 62
99 85 91 77
57 81 80 8
51 20 60 25
21 11 44 84
27 0 38 84
17 73 21 56
30 52 80 5
29 8 97 7
39 92 11 36
62 30 87 56
11 47 82 5
69 31 71 29
15 3 41 79
77 93 73 52
4 94 10 49
7 90 28 19
54 37 63 34
12 33 0 61
44 50 46 95
65 60 14 33
67 48 53 59
78 48 13 93
89 23 83 91
97 95 96 85
10 14 83 85
59 87 85 16
93 94 56 88
58 78 74 36
50 60 5 12
48 39 75 80
55 35 52 14
64 23 29 22
0 20 87 98
6 63 91 88
1 8 59 30
52 71 68 72
96 16 58 29
37 62 35 8
40 99 9 15
42 31 79 25
24 61 83 15
16 79 64 73
45 81 79 34
31 80 11 86
56 82 24 26
25 92 19 30
92 56 33 64
86 30 24 39
28 99 96 20
75 82 32 97
23 78 7 61
3 76 0 89
46 54 43 86
13 74 5 85
83 40 54 17
34 97 90 77
81 95 19 3
20 19 26 41
90 82 94 70
22 99 44 31
32 8 27 53
9 33 6 25
8 67 91 26
5 64 96 36
73 38 11 54
18 63 83 35
88 98 14 4
68 69 8 65
94 17 68 32
70 86 95 79
79 24 60 49
41 37 18 68
61 91 73 32
95 25 87 55
19 64 8 58
36 34 56 67
98 52 26 96
63 68 76 78
47 64 6 93
82 50 29 53
35 69 92 98
71 56 45 77
85 4 84 90
43 22 71 80
87 64 11 26
33 22 70 75
60 23 97 35
66 27 54 28
53 76 77 7
74 92 65 50
26 45 4 28
49 40 12 87
72 82 73 20
56 57 59 52
9 12 36 42
23 14 99 54
22 96 56 76
99 27 69 82
71 32 19 15
90 72 88 36
24 7 89 4
27 5 9 10
87 33 34 48
75 12 56 86
52 50 43 70
78 75 98 44
54 0 4 93
5 56 68 48
47 1 17 79
81 48 31 98
79 61 46 65
38 29 90 86
7 39 87 67
44 94 83 64
86 22 97 91
21 15 7 80
36 93 37 16
39 95 16 66
49 21 2 64
1 81 43 18
41 28 92 8
57 55 9 43
46 13 18 47
25 29 4 21
89 74 53 37
96 9 53 46
58 25 27 83
30 60 4 17
95 36 38 48
92 57 34 93
65 0 56 39
43 51 64 62
93 27 90 18
83 48 88 51
45 6 50 90
20 33 10 54
67 82 89 41
13 12 26 37
77 55 68 29
40 48 63 60
42 1 54 70
94 85 34 19
37 11 9 65
33 39 55 4
28 38 62 57
6 73 51 80
4 97 59 64
8 9 93 3
15 8 47 66
63 22 62 52
73 87 22 69
82 43 33 68
61 34 47 52
48 61 76 30
32 30 79 84
64 7 81 72
50 87 61 66
17 74 63 10
97 50 39 98
35 40 36 26
60 22 78 32
0 19 77 5
16 74 61 75
69 52 48 7
26 89 68 50
88 30 16 46
68 87 74 35
12 54 58 52
10 84 75 77
19 11 68 23
74 69 26 81
76 54 13 6
31 94 59 5
55 32 6 2
85 1 75 50
80 37 99 3
14 34 22 42
62 71 53 83
98 62 36 32
3 70 55 66
2 95 30 34
11 62 69 13
53 72 93 60
51 94 36 79
91 18 92 71
70 44 97 92
66 58 51 1
29 13 9 60
34 5 46 21
84 71 70 36
18 36 59 89
59 63 11 20
72 70 37 30
13 20 17 36
63 19 93 39
25 44 32 88
73 35 19 99
23 51 12 34
29 66 37 17
89 71 17 39
59 2 91 90
1 21 10 26
41 77 43 44
96 37 71 60
93 70 40 69
40 41 74 90
9 20 89 1
3 57 48 72
4 53 2 99
6 3 31 82
57 53 70 25
20 6 7 56
11 79 99 50
83 98 65 80
2 12 43 38
35 75 27 3
44 28 17 55
65 90 75 49
5 66 88 97
80 55 92 84
15 72 54 16
91 0 55 45
16 99 48 47
92 6 58 68
72 94 27 98
42 93 85 15
78 15 92 87
0 30 53 40
7 73 33 18
30 82 45 66
36 30 41 55
31 52 4 9
94 53 11 28
71 33 81 78
85 18 32 9
34 29 70 88
48 54 97 18
32 48 86 66
53 52 20 65
97 57 13 31
81 11 77 32
28 82 25 91
88 19 96 84
43 99 34 32
27 12 91 64
37 52 81 15
47 21 71 40
99 67 95 5
69 25 37 90
10 95 45 11
95 72 75 6
24 75 5 42
22 8 18 39
18 78 12 95
79 82 39 77
12 96 17 3
74 97 83 2
33 63 69 57
90 96 31 43
82 40 13 44
61 58 9 72
38 9 67 79
54 2 61 68
67 21 72 76
17 52 16 51
21 87 99 41
86 72 55 5
84 12 82 8
51 72 46 91
60 31 84 91
62 41 85 12
70 38 47 56
56 37 4 91
87 36 82 14
58 45 22 46
55 38 83 75
98 82 19 1
66 92 59 14
64 30 14 57
75 81 25 76
14 45 27 21
46 89 94 77
76 62 79 91
8 50 73 25
68 21 0 97
45 13 59 32
50 57 18 51
26 38 33 80
52 29 32 3
77 95 33 13
49 33 74 32
19 48 21 6
39 27 20 43
16 60 41 27
87 91 93 1
31 56 61 63
35 31 76 38
27 78 4 19
33 40 94 52
61 99 60 92
20 5 49 58
65 47 29 10
43 85 37 47
75 66 31 93
56 44 72 85
41 73 39 49
82 95 15 63
99 70 65 89
74 31 0 1
85 45 51 38
68 93 98 84
38 8 77 60
64 71 25 65
78 47 25 72
54 8 71 5
6 18 44 49
36 19 29 61
49 0 83 57
11 35 58 30
18 28 64 3
14 93 89 32
51 29 87 28
81 30 28 22
62 9 95 90
22 21 79 53
55 63 49 67
93 12 44 79
77 49 80 28
76 2 15 86
24 87 71 76
34 73 89 78
5 92 23 4
72 38 50 32
21 93 55 96
37 0 86 88
8 56 79 55
13 73 66 53
84 22 50 48
3 61 22 10
73 27 85 68
97 65 19 76
30 13 99 71
53 63 5 43
19 55 47 24
40 7 59 84
45 57 7 75
63 23 45 42
52 60 10 87
95 65 24 58
94 6 37 87
60 88 3 69
89 69 43 30
23 37 75 79
59 10 55 34
67 24 18 80
69 66 96 24
83 81 84 13
66 34 98 6
12 97 67 25
96 73 47 57
98 58 37 77
71 61 51 26
44 35 57 71
39 2 14 69
26 65 93 43
29 27 2 79
91 42 16 98
4 73 86 62
1 62 7 25
58 40 34 86
47 89 88 95
92 24 48 94
9 64 54 77
90 8 63 46
17 85 65 78
42 17 99 7
0 10 70 96
28 61 98 13
2 41 75 52
46 27 80 74
50 91 58 7
57 6 77 17
80 91 17 95
7 70 51 27
32 80 42 47
15 75 62 68
48 9 41 71
25 54 22 85
86 26 94 7
88 71 59 27
56 18 11 16
45 49 52 84
42 78 21 39
2 28 35 47
86 49 17 23
5 29 35 93
6 16 10 67
46 93 20 81
64 20 37 55
84 73 14 26
99 1 97 94
94 16 71 38
16 63 28 97
51 31 65 32
41 0 7 13
29 42 18 20
68 86 60 44
72 43 83 29
33 11 67 29
14 96 75 18
59 83 22 47
74 48 42 96
97 27 6 61
